1;206;77;10;2020-10-09
2;125;147;5;2023-11-07
3;404;127;6;2023-12-11
4;390;15;7;2020-06-19
5;349;111;6;2022-12-12
6;65;148;4;2023-08-11
7;379;32;1;2022-12-11
8;199;92;3;2021-12-10
9;249;193;4;2024-07-26
10;147;139;6;2022-09-14
11;312;171;9;2023-09-01
12;220;133;4;2020-11-03
13;219;94;10;2020-06-19
14;23;182;8;2022-03-28
15;123;65;3;2020-08-04
16;339;142;3;2022-03-05
17;390;4;3;2023-11-18
18;153;120;10;2021-12-09
19;36;116;4;2021-12-06
20;385;63;7;2022-04-06
21;408;122;5;2021-11-06
22;127;12;6;2020-09-11
23;398;40;1;2021-08-05
24;344;176;7;2020-01-22
25;251;49;5;2024-09-27
26;5;153;7;2022-05-09
27;370;133;9;2022-12-20
28;2;52;10;2023-04-08
29;421;46;10;2020-02-16
30;309;95;2;2022-08-21
31;223;82;9;2022-12-01
32;57;128;4;2024-08-07
33;225;102;5;2020-08-05
34;289;39;10;2020-02-07
35;117;11;6;2021-05-26
36;298;4;7;2023-08-13
37;240;55;10;2021-01-28
38;365;37;10;2021-06-23
39;428;170;1;2022-11-03
40;327;120;4;2024-10-05
41;93;84;3;2022-08-11
42;122;168;8;2023-04-14
43;257;200;10;2023-02-09
44;77;166;3;2023-02-03
45;463;135;4;2020-11-23
46;444;111;6;2021-08-11
47;261;20;5;2022-05-24
48;299;13;2;2023-09-10
49;330;111;1;2021-08-05
50;238;156;8;2021-05-22
51;107;24;7;2021-07-12
52;125;186;6;2023-11-11
53;466;178;2;2021-12-03
54;209;3;1;2021-03-11
55;377;10;8;2022-10-09
56;210;184;2;2024-02-11
57;193;43;3;2020-04-26
58;102;91;1;2020-02-26
59;411;103;9;2022-10-06
60;207;72;1;2020-01-24
61;244;164;8;2022-09-01
62;101;82;5;2022-02-02
63;9;57;9;2021-05-16
64;135;144;10;2020-02-02
65;470;3;5;2021-08-27
66;28;75;6;2023-01-13
67;324;64;2;2023-02-27
68;162;38;6;2021-12-26
69;438;176;5;2024-06-15
70;90;66;1;2022-09-25
71;57;19;5;2024-12-20
72;291;21;9;2024-11-16
73;421;115;2;2022-09-14
74;208;173;9;2024-11-04
75;219;47;3;2023-10-26
76;2;125;2;2022-12-27
77;78;49;1;2023-11-26
78;140;100;7;2022-09-11
79;13;61;8;2020-10-11
80;46;165;2;2020-02-03
81;473;23;1;2020-02-27
82;345;152;4;2022-02-01
83;222;183;3;2023-05-02
84;17;180;6;2022-04-16
85;208;187;7;2024-03-28
86;242;38;2;2020-10-19
87;229;194;5;2024-11-02
88;200;186;1;2023-09-16
89;430;33;8;2023-08-25
90;353;180;1;2021-07-04
91;42;132;9;2021-04-13
92;21;98;1;2022-04-12
93;75;42;7;2023-04-25
94;248;1;9;2020-07-14
95;279;13;10;2022-09-04
96;37;41;8;2023-06-16
97;323;21;3;2024-08-04
98;12;135;6;2020-08-21
99;260;145;7;2020-09-07
100;330;63;3;2022-07-07
101;499;33;1;2020-01-09
102;193;75;7;2024-11-25
103;320;131;3;2020-05-13
104;143;139;7;2021-01-15
105;380;112;3;2022-04-24
106;216;186;7;2024-11-03
107;274;49;4;2022-01-27
108;383;162;9;2020-12-15
109;291;4;4;2020-11-03
110;230;116;9;2023-03-17
111;358;101;4;2024-01-04
112;267;23;1;2024-05-27
113;488;43;5;2022-01-27
114;59;76;7;2022-08-17
115;138;25;3;2021-10-14
116;433;107;9;2022-12-05
117;116;109;1;2024-02-19
118;372;76;7;2022-05-14
119;334;73;9;2024-03-08
120;402;149;6;2024-10-24
121;214;116;9;2021-09-06
122;246;4;1;2020-01-04
123;5;3;9;2022-05-28
124;406;137;9;2020-08-12
125;232;41;4;2021-01-23
126;41;59;1;2022-01-06
127;255;113;10;2022-04-13
128;431;100;8;2023-11-22
129;491;36;3;2020-06-08
130;483;2;3;2021-08-22
131;281;196;10;2021-08-05
132;239;180;3;2022-11-03
133;279;43;2;2023-05-13
134;459;23;10;2023-10-06
135;268;25;3;2022-05-15
136;19;156;8;2022-09-17
137;437;17;10;2023-12-08
138;402;182;5;2023-10-20
139;66;22;8;2024-08-08
140;53;12;5;2023-10-06
141;348;71;9;2023-04-27
142;234;16;4;2021-05-21
143;112;164;2;2022-08-01
144;179;147;4;2024-06-11
145;150;196;5;2020-02-18
146;123;39;10;2022-09-28
147;140;13;6;2021-02-17
148;66;168;6;2020-09-01
149;84;56;10;2023-11-20
150;65;174;6;2020-03-26
151;361;86;6;2022-10-02
152;348;18;3;2021-10-12
153;285;147;8;2021-04-09
154;21;116;8;2021-06-18
155;122;157;6;2020-09-08
156;359;22;9;2021-03-23
157;197;65;1;2024-03-21
158;1;9;5;2023-11-17
159;175;147;5;2024-10-26
160;13;89;3;2021-07-04
161;31;136;1;2021-05-18
162;11;54;4;2023-11-17
163;139;25;7;2021-06-27
164;383;16;10;2021-10-03
165;259;158;3;2022-11-08
166;179;183;9;2024-01-05
167;173;165;9;2022-04-17
168;383;37;9;2022-04-23
169;122;54;9;2023-01-11
170;71;50;1;2024-06-10
171;24;181;9;2020-01-27
172;154;76;4;2023-06-09
173;200;99;6;2024-10-13
174;13;120;6;2021-03-18
175;404;121;6;2024-01-18
176;271;192;9;2022-05-15
177;430;90;7;2022-11-12
178;124;58;7;2022-03-15
179;30;108;4;2020-02-18
180;134;154;5;2024-01-17
181;451;155;7;2020-01-28
182;360;44;4;2022-10-12
183;476;146;7;2024-05-13
184;159;57;2;2023-08-12
185;48;127;4;2024-12-04
186;286;76;10;2021-08-25
187;276;122;10;2024-04-17
188;177;113;1;2023-09-13
189;200;169;4;2022-10-16
190;122;186;7;2022-01-01
191;269;92;10;2022-03-04
192;400;55;1;2021-02-06
193;37;144;4;2021-04-15
194;142;160;5;2023-07-26
195;22;66;8;2021-02-22
196;204;161;10;2022-06-11
197;481;162;6;2021-09-17
198;220;106;6;2020-12-22
199;139;49;10;2021-06-08
200;423;121;8;2021-05-24
201;302;96;4;2024-11-16
202;237;94;3;2021-01-26
203;174;183;3;2020-10-06
204;88;73;7;2023-08-16
205;240;7;1;2024-02-10
206;209;171;1;2020-05-25
207;336;109;10;2021-10-25
208;15;159;2;2021-02-22
209;238;60;4;2020-05-24
210;332;44;5;2023-09-13
211;482;38;6;2024-08-03
212;207;106;2;2020-11-04
213;493;134;8;2024-11-11
214;453;45;1;2021-09-23
215;269;149;9;2022-10-12
216;245;145;2;2021-03-15
217;86;199;7;2023-04-01
218;82;195;7;2021-10-06
219;371;153;5;2024-02-26
220;319;145;8;2022-04-20
221;415;34;5;2023-02-07
222;333;71;2;2023-11-07
223;40;19;3;2024-11-19
224;446;102;9;2021-10-07
225;342;108;8;2021-10-22
226;295;195;9;2021-03-20
227;26;157;1;2022-10-25
228;344;120;3;2022-05-02
229;55;94;5;2023-04-13
230;324;81;7;2020-03-08
231;90;11;7;2022-07-16
232;324;174;3;2021-11-21
233;194;103;2;2024-07-01
234;205;169;10;2024-05-20
235;94;68;10;2021-10-25
236;462;13;10;2021-08-26
237;314;133;10;2022-07-06
238;331;130;5;2023-07-14
239;233;80;10;2022-06-11
240;164;128;6;2021-09-05
241;421;155;10;2020-01-07
242;202;95;5;2020-02-04
243;295;146;3;2021-02-01
244;120;103;3;2024-06-15
245;434;107;6;2023-11-16
246;448;50;9;2020-01-12
247;395;118;3;2021-03-20
248;40;195;7;2022-09-18
249;402;164;5;2024-02-12
250;227;146;10;2021-12-04
251;51;195;5;2023-04-20
252;205;63;10;2022-05-14
253;73;91;2;2021-08-24
254;123;192;4;2024-01-06
255;4;121;1;2022-07-02
256;353;168;1;2022-04-15
257;383;158;5;2020-12-05
258;470;116;10;2020-03-28
259;56;90;6;2022-10-25
260;101;68;7;2022-02-05
261;324;58;1;2023-05-20
262;495;132;8;2020-10-04
263;467;187;7;2020-03-13
264;281;5;10;2020-04-01
265;372;99;7;2020-11-27
266;260;28;6;2024-05-11
267;287;123;4;2023-09-25
268;212;109;5;2023-11-08
269;432;194;5;2021-05-13
270;316;77;3;2021-09-20
271;36;97;10;2023-05-07
272;105;18;3;2023-11-27
273;147;167;3;2022-02-12
274;298;48;3;2020-01-12
275;33;89;7;2021-10-03
276;493;2;2;2020-08-14
277;463;80;9;2021-08-17
278;353;42;9;2022-12-19
279;378;94;10;2024-07-21
280;319;23;3;2020-05-20
281;206;110;6;2020-09-02
282;247;89;5;2024-02-12
283;424;31;2;2021-12-18
284;143;139;5;2022-01-19
285;386;134;9;2021-10-08
286;467;76;7;2023-11-15
287;301;149;4;2022-06-02
288;124;155;2;2022-09-04
289;71;172;1;2024-03-13
290;327;150;6;2024-03-25
291;322;178;1;2023-12-02
292;210;78;6;2024-09-11
293;135;71;10;2021-10-14
294;267;154;5;2020-10-25
295;128;91;4;2021-03-18
296;245;109;9;2023-11-14
297;309;99;9;2023-09-25
298;269;110;7;2020-01-16
299;364;157;10;2020-03-02
300;414;28;4;2024-11-17
301;452;177;5;2020-08-14
302;431;163;4;2021-04-08
303;460;121;2;2020-12-19
304;482;22;9;2021-10-09
305;121;23;4;2021-03-04
306;421;106;3;2023-11-15
307;348;42;7;2024-06-10
308;158;35;8;2023-09-20
309;270;125;10;2020-03-15
310;212;54;9;2020-07-07
311;26;5;6;2023-02-10
312;49;36;5;2021-11-18
313;437;188;4;2024-01-03
314;449;7;4;2023-04-26
315;107;191;3;2021-08-17
316;5;132;7;2021-02-21
317;82;56;7;2024-05-10
318;132;124;5;2020-10-10
319;460;57;1;2023-11-26
320;495;191;3;2021-08-04
321;281;94;6;2022-07-01
322;67;47;4;2024-07-16
323;330;197;5;2021-01-15
324;472;54;7;2021-10-05
325;282;101;4;2020-09-18
326;481;76;9;2022-01-20
327;135;8;3;2022-09-23
328;434;47;3;2021-01-26
329;6;63;5;2021-03-01
330;88;72;3;2022-06-18
331;195;129;2;2022-12-11
332;304;136;9;2021-10-10
333;24;160;6;2022-08-05
334;72;45;5;2021-06-25
335;273;72;1;2022-05-24
336;263;75;6;2024-04-03
337;137;4;8;2024-02-03
338;349;67;8;2022-01-11
339;348;190;8;2022-01-26
340;203;42;5;2023-07-02
341;392;3;10;2022-10-09
342;278;6;1;2022-07-09
343;407;18;10;2023-04-28
344;4;139;9;2021-08-24
345;320;128;6;2023-10-02
346;229;197;4;2024-10-13
347;326;152;10;2024-07-17
348;443;179;4;2021-06-18
349;353;188;5;2023-06-23
350;340;176;4;2023-12-26
351;423;18;1;2023-12-07
352;310;102;1;2021-08-23
353;107;93;1;2022-01-15
354;36;184;10;2024-12-21
355;235;2;3;2024-02-13
356;65;131;4;2023-06-03
357;56;92;9;2023-05-08
358;78;129;10;2022-01-21
359;122;45;8;2024-11-13
360;227;67;10;2023-04-17
361;498;137;7;2021-03-16
362;453;10;6;2020-02-06
363;372;152;10;2023-04-22
364;42;161;7;2024-03-19
365;339;128;8;2022-01-19
366;435;114;8;2021-01-09
367;187;133;10;2020-05-25
368;444;162;8;2021-08-12
369;384;62;7;2020-03-12
370;148;115;4;2020-03-24
371;394;101;7;2021-11-10
372;132;182;5;2024-11-04
373;370;114;6;2023-10-04
374;57;49;3;2024-03-12
375;237;142;1;2023-09-03
376;320;35;3;2021-10-01
377;417;87;4;2020-09-16
378;67;91;4;2021-05-22
379;439;141;4;2024-05-17
380;369;39;3;2024-04-26
381;272;176;2;2022-04-07
382;278;31;3;2022-07-08
383;252;155;7;2023-08-05
384;477;70;6;2022-03-19
385;112;153;2;2024-03-23
386;84;104;10;2021-04-20
387;413;194;8;2021-05-28
388;498;86;3;2020-07-17
389;366;171;1;2021-02-25
390;284;186;7;2020-08-27
391;407;48;2;2020-04-20
392;205;200;8;2022-01-28
393;221;39;3;2022-08-05
394;60;3;8;2022-07-04
395;273;58;4;2022-04-08
396;169;129;6;2020-06-07
397;449;184;4;2024-07-24
398;136;99;10;2023-12-21
399;346;105;6;2021-05-27
400;201;123;1;2022-02-17
401;415;4;3;2021-12-20
402;232;131;9;2024-10-07
403;288;190;9;2021-04-03
404;30;39;1;2024-10-01
405;263;42;4;2022-08-23
406;219;48;7;2023-02-22
407;89;168;1;2020-10-18
408;191;14;1;2024-10-14
409;9;187;10;2022-08-09
410;211;16;6;2022-11-25
411;357;60;1;2020-06-18
412;108;145;2;2024-12-18
413;5;68;2;2023-07-05
414;291;114;8;2024-02-12
415;121;66;5;2024-07-19
416;428;191;6;2022-12-09
417;169;89;5;2023-11-15
418;489;48;7;2024-09-16
419;200;53;10;2021-08-27
420;488;110;3;2021-03-26
421;298;147;7;2021-04-13
422;441;199;10;2023-12-23
423;129;74;3;2020-07-24
424;334;175;1;2021-09-07
425;139;73;1;2023-10-05
426;317;116;4;2021-03-12
427;155;158;1;2021-06-04
428;395;141;8;2021-11-11
429;198;121;4;2024-03-24
430;59;32;5;2022-10-04
431;450;75;7;2023-04-14
432;250;70;10;2022-10-22
433;325;38;10;2021-06-19
434;203;163;2;2022-01-28
435;104;74;10;2022-01-12
436;192;22;7;2024-10-26
437;395;178;2;2023-11-28
438;19;35;2;2020-02-24
439;101;73;3;2020-01-06
440;258;177;9;2020-01-03
441;473;44;8;2020-05-24
442;349;37;1;2024-02-09
443;444;141;2;2021-02-20
444;254;33;9;2021-10-02
445;58;89;8;2024-07-14
446;477;184;7;2022-05-13
447;144;80;3;2023-06-22
448;139;26;5;2024-03-12
449;332;135;6;2022-04-09
450;493;152;5;2024-05-05
451;172;178;10;2021-10-03
452;397;44;2;2020-12-22
453;229;3;5;2020-08-08
454;420;64;1;2023-08-25
455;144;90;7;2022-07-04
456;367;120;8;2024-11-21
457;340;96;2;2020-01-23
458;212;13;1;2020-04-21
459;151;189;3;2024-04-03
460;126;32;9;2023-02-11
461;66;18;8;2024-03-26
462;60;8;4;2024-10-16
463;123;92;2;2024-09-01
464;84;33;4;2021-04-02
465;198;94;9;2020-10-20
466;32;155;1;2021-11-19
467;345;153;5;2021-12-18
468;21;83;2;2021-01-02
469;138;2;8;2022-03-20
470;268;73;10;2020-02-01
471;459;145;6;2020-12-22
472;366;47;4;2023-10-07
473;275;122;3;2023-07-18
474;266;153;2;2023-05-11
475;416;74;6;2023-01-18
476;337;14;9;2023-02-01
477;70;199;9;2022-08-01
478;1;35;3;2021-04-28
479;304;68;5;2023-11-18
480;267;7;1;2021-09-18
481;354;176;10;2023-02-17
482;403;15;4;2023-02-20
483;321;2;10;2020-03-07
484;183;32;6;2024-12-14
485;8;116;1;2020-12-25
486;217;188;8;2022-04-24
487;492;121;4;2023-01-20
488;261;114;7;2024-06-19
489;284;44;6;2020-01-21
490;242;93;6;2022-09-07
491;123;7;4;2022-01-28
492;333;184;8;2020-11-22
493;369;188;6;2022-09-19
494;380;44;7;2021-05-17
495;250;68;2;2021-06-21
496;61;151;10;2024-01-14
497;314;178;1;2021-02-16
498;275;42;8;2023-02-15
499;299;42;9;2022-11-05
500;135;142;5;2024-06-26
501;72;76;10;2021-04-14
502;144;43;1;2022-02-03
503;333;23;3;2021-05-19
504;437;126;4;2021-09-03
505;145;196;7;2023-02-19
506;336;61;9;2022-12-02
507;5;120;10;2020-03-25
508;20;33;6;2022-01-20
509;29;78;7;2024-06-23
510;312;104;4;2024-11-28
511;137;167;3;2021-12-26
512;46;125;2;2020-12-12
513;384;6;1;2022-05-08
514;299;174;8;2023-07-25
515;308;53;9;2022-03-16
516;213;73;1;2024-10-26
517;478;118;2;2021-10-09
518;48;131;1;2022-05-01
519;298;159;8;2021-02-06
520;451;14;4;2023-12-21
521;463;37;1;2020-11-08
522;45;77;5;2022-06-19
523;49;195;9;2022-09-17
524;48;150;1;2022-07-13
525;428;191;7;2022-08-26
526;22;155;8;2024-08-08
527;425;178;5;2022-02-21
528;63;174;6;2024-07-22
529;213;122;8;2020-12-06
530;232;161;1;2021-09-16
531;470;182;4;2021-05-20
532;377;86;9;2023-05-02
533;113;94;3;2024-02-15
534;331;8;10;2024-11-06
535;129;132;2;2022-10-09
536;301;118;1;2023-06-18
537;482;75;4;2021-10-18
538;269;169;5;2020-03-15
539;147;170;6;2020-05-28
540;383;114;4;2022-01-27
541;487;125;3;2024-09-16
542;33;170;4;2021-07-02
543;399;72;7;2020-11-15
544;106;165;5;2020-02-09
545;449;41;1;2022-10-26
546;465;93;1;2022-12-08
547;199;98;5;2021-03-06
548;479;104;10;2023-02-06
549;358;192;2;2024-04-15
550;413;39;3;2021-01-11
551;228;155;2;2024-02-04
552;132;171;7;2024-08-22
553;198;122;1;2021-05-15
554;11;60;9;2020-07-05
555;492;146;10;2020-04-11
556;267;193;8;2021-04-15
557;54;67;7;2022-04-24
558;249;183;1;2023-07-17
559;118;79;6;2023-06-15
560;405;95;3;2024-04-01
561;283;176;2;2020-11-12
562;335;63;8;2021-12-08
563;218;196;5;2021-05-16
564;7;68;10;2023-02-06
565;442;48;7;2020-01-11
566;151;106;5;2023-07-24
567;158;199;1;2020-10-19
568;241;25;10;2023-05-05
569;350;142;7;2024-07-12
570;108;188;7;2020-06-06
571;63;134;7;2022-05-01
572;486;136;5;2020-08-01
573;152;165;10;2023-02-15
574;451;79;5;2022-02-10
575;478;25;8;2024-10-08
576;134;111;8;2020-09-06
577;296;49;9;2020-03-19
578;214;59;5;2024-02-12
579;272;74;3;2022-01-16
580;353;125;3;2024-08-17
581;222;67;5;2024-12-08
582;276;13;6;2023-01-15
583;72;46;8;2022-06-26
584;326;42;6;2021-03-23
585;155;4;6;2024-09-28
586;439;84;10;2020-08-01
587;160;187;1;2020-02-05
588;210;194;4;2023-04-13
589;78;167;10;2023-09-01
590;31;109;8;2024-11-04
591;296;146;10;2024-08-24
592;371;185;2;2020-06-08
593;352;161;4;2021-07-19
594;189;101;4;2024-08-16
595;107;22;5;2023-01-17
596;485;79;4;2023-01-08
597;489;171;6;2023-05-05
598;241;166;4;2022-12-10
599;265;26;10;2021-01-22
600;201;132;5;2023-10-04
601;417;6;2;2024-09-12
602;317;183;8;2020-06-02
603;471;21;8;2024-01-25
604;345;116;6;2024-05-03
605;40;117;10;2021-08-05
606;236;159;2;2024-02-11
607;331;39;2;2023-12-02
608;422;162;3;2022-07-14
609;35;45;7;2020-10-14
610;48;153;1;2024-07-22
611;406;108;2;2020-03-23
612;420;159;2;2021-05-16
613;309;30;6;2020-09-28
614;46;24;2;2022-06-25
615;261;15;4;2020-01-22
616;332;131;2;2020-03-15
617;324;122;1;2021-02-04
618;469;106;9;2022-10-18
619;57;183;2;2023-03-20
620;105;105;9;2021-06-15
621;370;163;10;2023-11-04
622;415;200;8;2022-03-24
623;59;156;4;2021-05-15
624;305;78;1;2020-03-06
625;489;56;4;2024-04-26
626;316;27;5;2023-03-07
627;369;89;5;2022-09-14
628;40;176;3;2020-07-11
629;212;111;4;2022-07-18
630;450;135;7;2023-12-03
631;8;18;7;2022-04-09
632;253;90;6;2022-01-06
633;476;11;7;2024-04-27
634;200;169;9;2022-05-20
635;349;54;8;2022-08-11
636;209;101;1;2024-12-20
637;428;182;7;2020-02-10
638;359;139;1;2022-09-02
639;216;165;1;2023-05-13
640;302;63;1;2020-03-15
641;1;86;7;2024-05-23
642;165;118;7;2024-08-21
643;413;81;9;2021-03-10
644;442;7;8;2022-11-18
645;180;50;4;2021-11-10
646;133;102;3;2022-11-12
647;270;55;2;2021-02-01
648;6;117;9;2024-01-03
649;60;45;6;2023-08-18
650;273;105;8;2024-03-21
651;419;94;1;2022-08-24
652;125;85;5;2022-02-16
653;353;161;5;2024-06-26
654;353;102;9;2022-10-05
655;91;5;7;2021-10-10
656;263;43;9;2020-02-20
657;29;115;8;2024-10-07
658;342;88;7;2022-03-19
659;225;32;6;2023-11-20
660;70;71;7;2021-06-17
661;401;4;7;2024-01-18
662;389;26;8;2020-09-17
663;372;34;10;2020-01-14
664;89;169;1;2024-07-20
665;149;12;10;2024-05-25
666;401;156;8;2024-01-28
667;468;26;6;2024-10-21
668;60;36;4;2020-05-26
669;382;135;8;2021-02-09
670;173;171;10;2023-09-10
671;107;129;4;2023-01-12
672;71;134;4;2022-01-22
673;187;91;1;2022-02-08
674;32;155;5;2020-02-14
675;17;57;8;2020-03-18
676;448;20;7;2022-08-24
677;1;15;1;2020-02-07
678;259;128;4;2020-04-13
679;137;190;5;2024-11-26
680;153;129;8;2021-06-19
681;31;124;5;2023-11-19
682;47;15;5;2024-05-17
683;282;7;5;2021-07-24
684;140;87;4;2021-04-17
685;419;166;6;2024-03-07
686;290;152;5;2022-02-17
687;24;116;7;2024-02-17
688;281;51;1;2023-03-02
689;255;83;2;2022-09-02
690;414;157;3;2020-02-09
691;485;1;6;2022-08-14
692;393;139;1;2022-04-27
693;170;177;8;2021-01-20
694;157;98;8;2023-02-01
695;182;144;2;2024-01-26
696;201;162;2;2020-07-25
697;89;114;1;2023-06-05
698;168;157;3;2023-12-17
699;272;145;3;2021-07-23
700;276;169;5;2020-04-14
701;244;186;1;2020-03-07
702;268;183;9;2024-09-05
703;7;36;5;2024-12-28
704;303;38;2;2020-05-10
705;171;125;7;2021-04-22
706;120;64;2;2023-12-21
707;394;35;7;2023-02-15
708;3;39;10;2023-10-10
709;81;181;10;2024-06-14
710;335;189;1;2024-01-12
711;365;27;5;2023-07-03
712;475;199;1;2023-05-26
713;349;121;9;2023-07-22
714;288;164;6;2021-03-15
715;95;107;6;2021-02-13
716;188;102;2;2020-04-09
717;292;45;7;2024-04-18
718;420;101;8;2024-06-22
719;455;178;7;2021-05-02
720;408;156;5;2023-03-19
721;233;39;1;2024-10-20
722;392;57;1;2023-10-20
723;87;180;8;2022-01-13
724;227;133;5;2020-07-01
725;346;86;7;2023-06-01
726;424;5;1;2021-11-02
727;224;149;7;2021-09-12
728;254;180;8;2024-12-22
729;121;124;10;2022-09-04
730;214;111;8;2021-08-12
731;297;154;3;2022-11-07
732;248;91;2;2022-05-03
733;129;44;8;2021-09-27
734;173;78;6;2021-09-28
735;184;29;2;2022-03-13
736;287;136;1;2024-11-21
737;78;132;2;2023-07-04
738;163;116;4;2022-06-05
739;88;152;10;2023-08-01
740;318;88;2;2022-03-03
741;369;75;4;2020-08-28
742;93;110;2;2020-02-24
743;323;151;10;2024-11-13
744;238;150;8;2024-09-21
745;374;25;10;2021-08-01
746;366;137;9;2021-12-19
747;220;186;6;2020-12-03
748;344;187;1;2023-11-10
749;173;4;1;2023-07-03
750;308;158;9;2023-10-20
751;242;31;2;2024-10-14
752;238;46;3;2023-08-28
753;34;128;3;2020-03-13
754;116;13;5;2020-02-25
755;370;90;5;2024-04-09
756;302;117;9;2023-01-10
757;281;109;1;2023-12-24
758;417;84;3;2022-12-05
759;344;72;9;2022-12-02
760;495;8;3;2024-08-15
761;296;12;8;2022-05-01
762;209;128;10;2024-12-24
763;131;110;6;2024-11-14
764;12;35;10;2022-05-07
765;233;112;4;2020-05-10
766;389;1;6;2021-09-22
767;110;165;1;2020-08-26
768;184;171;2;2021-04-16
769;37;39;8;2023-11-08
770;4;176;7;2020-08-27
771;24;55;7;2023-09-27
772;405;143;4;2023-06-20
773;476;185;1;2023-06-25
774;349;27;1;2024-11-02
775;381;42;9;2024-05-03
776;392;143;9;2022-12-20
777;134;167;4;2021-03-09
778;111;174;5;2020-11-16
779;263;3;8;2023-05-17
780;272;78;2;2023-11-21
781;348;68;8;2020-11-08
782;359;82;8;2023-11-17
783;147;178;10;2022-12-08
784;181;106;6;2022-03-04
785;134;94;10;2020-02-17
786;306;49;9;2020-02-04
787;194;123;9;2022-03-09
788;425;106;2;2021-05-10
789;424;196;8;2024-07-22
790;384;182;3;2023-10-10
791;241;194;3;2022-02-04
792;191;190;4;2021-10-20
793;270;183;4;2024-02-25
794;323;160;1;2021-08-22
795;490;124;9;2021-01-19
796;400;33;7;2021-02-10
797;364;68;3;2020-09-28
798;463;175;7;2024-02-09
799;165;147;3;2022-05-08
800;225;8;5;2021-02-26
801;199;127;1;2021-08-23
802;32;188;5;2024-06-06
803;244;82;6;2023-09-21
804;364;194;1;2020-03-13
805;242;32;4;2020-10-04
806;103;91;4;2021-04-09
807;24;99;9;2022-02-26
808;471;25;6;2023-05-02
809;194;105;2;2023-02-25
810;317;171;2;2024-01-03
811;303;151;1;2020-01-12
812;312;87;10;2022-06-09
813;387;4;5;2024-04-11
814;460;42;7;2021-11-06
815;101;108;10;2024-12-22
816;464;176;8;2022-01-20
817;114;72;10;2021-10-19
818;62;20;9;2024-06-04
819;375;175;5;2021-05-10
820;412;117;10;2023-03-19
821;245;91;8;2023-11-07
822;262;77;1;2020-07-08
823;239;18;7;2021-07-24
824;424;61;5;2024-10-16
825;387;72;7;2024-04-04
826;131;153;2;2021-12-10
827;114;117;6;2020-11-08
828;252;124;9;2023-06-21
829;422;185;3;2020-10-08
830;90;193;2;2022-10-17
831;161;185;6;2021-05-06
832;438;31;2;2020-07-20
833;135;108;6;2024-07-28
834;261;79;9;2023-04-23
835;46;6;10;2024-01-24
836;303;196;6;2022-02-05
837;286;176;6;2022-11-06
838;220;167;8;2024-06-14
839;73;139;8;2023-11-26
840;130;53;6;2022-09-20
841;213;8;3;2023-03-11
842;62;95;6;2022-07-19
843;488;45;8;2022-04-07
844;112;149;10;2021-10-28
845;73;157;3;2024-10-05
846;243;102;9;2020-12-26
847;223;109;3;2021-11-13
848;315;104;9;2020-05-24
849;284;159;1;2022-07-20
850;440;183;10;2020-03-22
851;497;149;10;2022-06-08
852;188;45;3;2020-04-27
853;194;59;5;2022-09-22
854;105;70;6;2021-01-28
855;262;49;5;2020-11-04
856;345;46;7;2024-01-15
857;323;189;9;2024-03-26
858;89;25;10;2021-01-15
859;168;41;3;2021-12-18
860;76;5;9;2023-03-20
861;199;198;4;2023-09-19
862;276;14;1;2022-07-24
863;167;197;8;2021-11-13
864;191;63;7;2020-02-09
865;387;61;5;2020-06-12
866;480;26;7;2020-10-26
867;97;94;8;2024-11-04
868;6;147;7;2022-11-08
869;399;25;8;2024-01-27
870;370;14;1;2024-12-01
871;467;137;2;2024-10-18
872;273;27;9;2020-10-26
873;26;179;3;2021-05-04
874;425;122;5;2023-09-18
875;206;174;6;2020-10-19
876;448;40;4;2024-05-11
877;161;159;9;2022-09-25
878;440;94;6;2023-04-03
879;271;84;1;2020-10-20
880;110;177;2;2022-11-20
881;213;122;4;2021-09-03
882;369;194;10;2022-07-14
883;469;13;3;2022-06-02
884;331;35;5;2023-02-06
885;297;180;5;2022-03-04
886;435;188;7;2020-02-21
887;278;159;1;2020-02-28
888;498;128;1;2022-05-27
889;50;134;7;2022-12-02
890;213;184;3;2022-09-26
891;15;200;8;2022-03-16
892;344;163;3;2022-03-11
893;240;84;2;2023-09-17
894;52;48;7;2022-08-08
895;1;183;4;2023-05-13
896;332;1;6;2020-11-03
897;70;43;8;2023-11-03
898;270;20;7;2024-09-02
899;153;176;1;2024-09-05
900;382;24;8;2021-07-08
901;262;106;7;2024-12-06
902;427;170;4;2024-01-05
903;110;159;3;2024-05-15
904;216;178;5;2020-01-23
905;179;11;9;2020-04-03
906;34;118;10;2022-08-01
907;297;106;2;2022-12-04
908;160;153;3;2020-02-25
909;493;185;1;2022-05-28
910;171;25;4;2021-01-22
911;125;138;6;2020-11-04
912;173;187;7;2023-06-03
913;326;194;5;2024-04-01
914;160;20;1;2021-04-23
915;249;49;3;2023-05-13
916;446;23;4;2021-02-09
917;384;6;7;2024-07-21
918;342;92;9;2023-12-04
919;192;100;7;2021-04-13
920;51;12;8;2020-03-18
921;101;21;10;2021-01-28
922;227;55;5;2023-06-27
923;34;41;3;2021-02-27
924;237;191;1;2024-05-09
925;371;115;8;2020-10-21
926;223;69;1;2024-04-17
927;349;128;7;2024-11-21
928;1;92;4;2020-06-11
929;305;197;1;2022-01-04
930;322;118;7;2022-11-24
931;186;180;9;2020-06-14
932;193;131;8;2024-12-15
933;372;60;5;2023-04-04
934;377;32;9;2023-07-03
935;478;18;2;2021-11-24
936;488;27;4;2023-11-15
937;199;24;2;2022-08-13
938;114;145;9;2020-02-11
939;494;16;2;2021-08-13
940;465;80;5;2024-05-19
941;185;84;9;2022-07-09
942;180;191;5;2020-06-06
943;151;6;5;2020-12-21
944;396;8;8;2022-05-01
945;250;167;9;2023-12-21
946;340;54;5;2023-08-22
947;83;55;2;2024-03-24
948;54;152;9;2024-09-20
949;270;72;5;2022-03-04
950;308;17;10;2024-02-17
951;222;103;6;2023-06-23
952;441;130;7;2022-08-12
953;466;16;4;2024-12-17
954;123;158;4;2020-10-05
955;19;20;5;2021-09-15
956;445;153;1;2020-09-27
957;426;106;4;2024-12-16
958;147;117;6;2024-01-12
959;114;128;1;2023-07-10
960;58;49;7;2023-11-20
961;258;92;4;2020-11-20
962;375;184;3;2021-02-08
963;332;124;9;2020-06-28
964;297;107;3;2021-04-02
965;34;78;9;2021-05-09
966;154;187;4;2024-09-19
967;195;85;10;2022-12-22
968;223;5;9;2022-11-24
969;230;153;4;2023-09-26
970;499;131;10;2022-05-18
971;419;65;9;2021-08-15
972;66;77;5;2021-02-24
973;303;24;3;2020-09-01
974;335;42;7;2024-11-24
975;186;185;2;2021-04-22
976;12;166;9;2023-09-23
977;297;1;8;2023-10-25
978;399;200;5;2021-05-22
979;14;127;7;2020-05-12
980;22;23;6;2020-06-07
981;395;186;1;2022-09-06
982;336;1;6;2024-04-04
983;66;8;10;2024-02-05
984;426;121;10;2023-11-18
985;279;87;6;2020-12-25
986;282;60;6;2020-11-21
987;37;10;8;2024-06-27
988;298;16;3;2020-12-16
989;4;42;10;2024-11-25
990;309;105;1;2024-02-05
991;208;70;10;2022-10-24
992;16;56;9;2023-10-28
993;82;48;8;2020-12-15
994;215;105;2;2024-09-25
995;48;70;9;2020-01-14
996;289;56;9;2022-02-28
997;358;177;2;2022-08-04
998;317;113;3;2022-07-20
999;261;174;9;2024-08-09
1000;179;186;8;2020-08-28
1001;96;71;6;2023-07-05
1002;271;197;10;2024-12-18
1003;242;53;4;2021-11-14
1004;475;15;7;2023-06-18
1005;440;180;5;2020-09-16
1006;5;80;3;2020-08-16
1007;371;171;7;2021-03-04
1008;443;53;8;2022-07-21
1009;283;94;4;2024-12-15
1010;236;161;9;2021-06-20
1011;330;155;9;2021-09-09
1012;225;139;1;2023-01-17
1013;243;110;3;2022-08-06
1014;446;189;7;2024-10-24
1015;303;41;7;2023-06-17
1016;172;58;10;2024-08-16
1017;127;123;9;2022-04-24
1018;446;186;3;2020-12-22
1019;280;179;2;2021-02-24
1020;499;149;8;2024-04-09
1021;276;114;10;2021-11-10
1022;38;81;10;2024-08-23
1023;491;51;2;2024-01-14
1024;30;9;1;2022-08-12
1025;190;104;9;2023-09-20
1026;338;170;2;2021-08-04
1027;232;154;6;2021-03-17
1028;268;172;10;2024-10-18
1029;474;61;4;2020-07-25
1030;410;130;2;2024-06-23
1031;156;69;9;2024-12-08
1032;414;119;3;2022-04-15
1033;314;33;9;2024-11-07
1034;332;199;10;2020-11-01
1035;405;131;6;2024-09-05
1036;319;111;9;2024-07-10
1037;269;113;5;2022-10-26
1038;29;97;1;2020-01-13
1039;340;67;7;2020-09-02
1040;107;22;8;2020-04-19
1041;332;177;3;2023-12-27
1042;435;105;7;2021-11-08
1043;107;160;6;2024-05-18
1044;121;38;9;2022-06-27
1045;450;26;4;2020-12-05
1046;78;4;7;2023-05-25
1047;85;112;4;2021-01-24
1048;14;69;2;2024-07-05
1049;282;100;5;2023-06-09
1050;133;184;10;2022-01-17
1051;365;87;10;2024-02-05
1052;168;32;6;2023-03-02
1053;261;107;9;2024-05-12
1054;397;164;5;2024-05-15
1055;235;15;6;2020-06-09
1056;175;91;3;2023-03-27
1057;273;125;1;2021-03-16
1058;122;155;6;2020-03-12
1059;154;9;8;2024-12-01
1060;164;5;3;2024-12-07
1061;313;65;10;2024-08-06
1062;470;32;8;2023-04-19
1063;189;51;3;2024-06-16
1064;222;151;9;2020-02-11
1065;310;32;2;2020-11-07
1066;72;81;4;2023-06-21
1067;14;115;1;2022-10-13
1068;377;20;1;2023-11-27
1069;472;190;4;2023-12-22
1070;158;94;7;2023-11-16
1071;499;106;10;2020-02-18
1072;123;17;3;2021-06-12
1073;372;48;3;2020-09-10
1074;41;178;8;2022-08-13
1075;385;177;1;2021-08-16
1076;470;53;4;2023-05-24
1077;49;46;4;2022-10-07
1078;20;120;3;2024-11-20
1079;460;77;5;2022-07-24
1080;215;17;8;2022-12-07
1081;376;73;2;2020-09-09
1082;134;69;1;2020-10-18
1083;354;37;8;2020-04-15
1084;497;72;6;2020-03-10
1085;56;165;9;2024-03-22
1086;469;83;6;2023-02-17
1087;128;97;9;2020-03-24
1088;209;38;9;2020-01-10
1089;438;135;7;2022-10-14
1090;64;171;6;2022-06-03
1091;100;115;2;2022-08-05
1092;321;195;10;2023-04-12
1093;439;198;7;2022-06-17
1094;147;200;3;2022-10-13
1095;274;128;7;2022-04-13
1096;486;136;3;2020-07-01
1097;486;124;3;2020-05-10
1098;174;138;6;2023-05-22
1099;72;39;8;2023-06-25
1100;350;87;5;2024-12-23
1101;91;172;6;2022-11-24
1102;318;159;4;2020-12-28
1103;183;175;8;2022-06-09
1104;255;158;7;2021-07-09
1105;171;140;3;2024-07-24
1106;300;138;2;2024-05-04
1107;72;156;3;2020-10-03
1108;286;123;8;2022-06-05
1109;102;195;3;2023-12-19
1110;81;142;1;2021-06-05
1111;144;153;2;2023-08-25
1112;321;15;1;2020-03-23
1113;101;75;1;2024-02-11
1114;80;66;8;2022-08-08
1115;421;190;2;2022-06-26
1116;134;134;2;2020-02-26
1117;294;55;2;2021-03-02
1118;132;134;2;2023-04-24
1119;267;98;3;2021-11-04
1120;407;100;6;2020-09-12
1121;463;5;9;2023-11-11
1122;329;83;7;2024-10-10
1123;184;151;9;2020-04-26
1124;497;31;3;2020-06-25
1125;12;11;10;2024-04-22
1126;6;181;5;2021-09-01
1127;165;100;3;2024-08-06
1128;194;67;9;2021-01-04
1129;292;52;10;2023-12-24
1130;194;51;8;2021-05-09
1131;99;29;7;2023-09-22
1132;99;152;2;2022-12-07
1133;425;67;5;2024-03-06
1134;16;35;1;2023-10-18
1135;404;11;5;2022-10-22
1136;95;76;8;2021-06-25
1137;490;93;5;2024-06-04
1138;378;49;3;2020-11-25
1139;316;74;1;2023-07-10
1140;186;182;7;2023-09-13
1141;275;153;6;2020-11-06
1142;135;33;9;2021-12-16
1143;465;12;5;2020-08-07
1144;179;175;10;2022-08-03
1145;321;34;2;2020-07-28
1146;237;175;4;2022-05-04
1147;416;1;4;2022-03-25
1148;404;145;1;2024-07-01
1149;499;106;5;2020-07-12
1150;365;44;8;2024-02-09
1151;242;97;10;2020-10-21
1152;465;114;5;2024-10-27
1153;251;160;7;2023-08-23
1154;211;34;4;2020-01-28
1155;261;22;4;2020-11-11
1156;77;49;4;2020-03-18
1157;88;65;10;2021-05-07
1158;268;5;4;2022-04-22
1159;201;166;8;2020-12-28
1160;158;167;5;2022-09-10
1161;118;145;5;2024-08-20
1162;252;27;9;2020-12-26
1163;160;86;5;2024-04-08
1164;168;86;4;2022-06-02
1165;202;98;4;2023-08-01
1166;316;195;8;2021-04-18
1167;450;110;9;2022-04-03
1168;67;43;1;2022-07-09
1169;460;178;7;2024-06-23
1170;105;193;5;2023-04-15
1171;66;122;2;2022-03-26
1172;71;190;5;2024-07-14
1173;143;112;2;2024-04-04
1174;440;103;2;2024-11-08
1175;164;117;10;2021-12-13
1176;470;136;6;2021-08-03
1177;40;45;5;2024-10-20
1178;93;131;7;2020-11-06
1179;97;55;3;2024-03-01
1180;13;194;6;2023-02-04
1181;8;6;2;2022-05-05
1182;201;62;2;2023-04-12
1183;199;143;1;2022-12-22
1184;256;107;6;2022-07-12
1185;318;143;9;2020-07-21
1186;312;81;6;2020-05-19
1187;263;136;7;2020-08-22
1188;154;161;7;2022-05-06
1189;259;72;1;2022-10-02
1190;224;97;7;2024-07-13
1191;66;159;2;2021-03-06
1192;314;5;7;2021-08-28
1193;359;171;6;2022-09-27
1194;80;147;6;2021-12-16
1195;337;193;8;2021-09-22
1196;450;178;7;2024-02-17
1197;306;178;1;2020-03-28
1198;447;135;9;2022-06-19
1199;341;40;9;2023-10-12
1200;47;173;2;2022-02-21
1201;208;164;3;2024-12-01
1202;131;80;4;2020-10-11
1203;321;173;4;2024-03-18
1204;291;197;5;2023-06-13
1205;178;87;7;2020-10-12
1206;391;200;10;2024-06-14
1207;307;85;2;2022-10-28
1208;404;58;10;2021-02-03
1209;339;157;6;2024-01-02
1210;66;55;3;2024-12-21
1211;463;72;3;2023-10-22
1212;7;105;8;2022-03-23
1213;116;98;9;2023-12-13
1214;154;187;2;2020-02-16
1215;357;60;6;2020-01-24
1216;254;181;9;2024-01-22
1217;317;91;3;2022-07-02
1218;471;200;9;2024-08-15
1219;442;100;2;2021-05-16
1220;2;94;9;2021-02-17
1221;130;88;3;2020-04-27
1222;306;80;8;2023-06-14
1223;456;78;2;2023-01-01
1224;415;156;4;2022-09-21
1225;403;161;7;2020-03-13
1226;94;194;5;2020-12-12
1227;235;159;4;2024-06-01
1228;500;131;1;2023-04-27
1229;473;194;6;2020-02-01
1230;39;150;10;2020-08-18
1231;310;24;9;2020-07-11
1232;248;120;9;2021-11-04
1233;8;10;8;2023-10-21
1234;51;134;1;2024-12-24
1235;128;11;2;2024-09-28
1236;252;57;5;2023-04-25
1237;200;54;1;2020-09-15
1238;12;149;1;2024-05-05
1239;268;12;5;2023-08-03
1240;431;167;6;2020-09-22
1241;73;178;6;2022-10-27
1242;333;194;10;2023-02-10
1243;214;123;8;2020-08-15
1244;241;117;10;2021-02-21
1245;358;167;2;2022-04-08
1246;201;92;1;2020-12-22
1247;280;95;5;2023-02-15
1248;177;49;6;2021-01-27
1249;398;180;10;2024-12-06
1250;412;38;7;2021-12-17
1251;83;83;3;2020-01-12
1252;491;137;4;2023-05-12
1253;279;32;4;2020-07-15
1254;142;139;5;2023-09-20
1255;419;44;5;2024-02-17
1256;95;133;5;2021-11-22
1257;399;188;1;2023-10-25
1258;63;18;10;2023-12-06
1259;95;15;3;2020-10-01
1260;153;138;5;2024-05-01
1261;139;172;5;2022-11-05
1262;245;33;8;2024-10-11
1263;431;134;5;2023-11-13
1264;48;116;1;2022-02-15
1265;75;45;2;2023-10-24
1266;213;44;4;2024-02-27
1267;345;163;9;2022-03-05
1268;161;2;7;2023-08-12
1269;425;39;6;2022-01-24
1270;447;150;7;2024-12-10
1271;165;1;7;2024-01-03
1272;53;61;5;2022-07-13
1273;77;27;1;2024-12-22
1274;7;29;2;2021-04-16
1275;470;113;4;2024-10-01
1276;362;39;6;2022-12-03
1277;244;12;7;2020-06-05
1278;387;169;3;2021-10-25
1279;132;57;8;2022-09-02
1280;471;198;8;2020-07-24
1281;415;177;4;2021-06-16
1282;319;60;4;2023-04-01
1283;160;125;8;2020-05-08
1284;288;193;1;2021-02-11
1285;324;48;7;2024-04-22
1286;484;170;8;2020-12-12
1287;143;169;10;2021-07-18
1288;300;32;6;2024-12-11
1289;153;107;6;2024-03-04
1290;150;136;4;2021-04-09
1291;356;75;1;2020-09-25
1292;483;191;3;2024-07-07
1293;369;69;1;2023-05-07
1294;26;160;10;2024-04-17
1295;282;51;6;2023-06-09
1296;57;90;8;2024-04-25
1297;393;52;1;2021-10-21
1298;193;10;1;2021-12-04
1299;419;54;3;2024-11-16
1300;454;145;6;2020-10-23
1301;445;24;1;2022-06-08
1302;216;147;6;2024-08-09
1303;316;165;9;2020-08-28
1304;268;148;2;2021-03-03
1305;45;73;5;2022-03-24
1306;431;104;2;2024-06-08
1307;292;121;9;2020-10-04
1308;260;191;1;2020-03-21
1309;209;99;7;2021-04-20
1310;67;81;8;2023-12-02
1311;473;50;6;2024-12-26
1312;334;85;2;2024-08-04
1313;402;107;7;2020-02-05
1314;340;162;6;2022-08-27
1315;287;25;9;2022-11-24
1316;241;167;2;2024-01-02
1317;388;9;4;2021-06-19
1318;236;60;5;2020-11-05
1319;177;28;1;2021-02-26
1320;173;93;5;2023-08-03
1321;374;119;6;2023-12-13
1322;222;87;7;2022-08-06
1323;302;8;1;2022-03-10
1324;89;90;1;2020-12-09
1325;322;80;8;2023-12-12
1326;33;58;4;2021-06-01
1327;41;71;10;2024-08-01
1328;378;130;8;2021-03-07
1329;98;17;3;2022-04-01
1330;71;23;9;2023-06-18
1331;418;75;5;2024-07-02
1332;371;78;2;2020-02-21
1333;156;113;3;2022-12-23
1334;291;99;5;2021-07-05
1335;500;128;9;2021-03-09
1336;355;78;9;2020-09-17
1337;108;67;7;2022-11-13
1338;92;50;8;2020-08-22
1339;334;100;10;2023-06-07
1340;127;140;2;2024-01-14
1341;414;57;6;2024-12-03
1342;453;93;4;2023-03-01
1343;339;113;5;2021-06-22
1344;433;190;6;2022-11-16
1345;217;26;2;2021-10-28
1346;43;143;7;2021-05-06
1347;194;192;9;2022-04-10
1348;206;42;9;2021-10-20
1349;247;195;10;2021-08-11
1350;430;2;7;2020-03-12
1351;187;102;10;2024-01-04
1352;158;59;7;2020-05-03
1353;7;184;8;2020-03-01
1354;53;141;3;2023-04-21
1355;5;73;3;2020-12-19
1356;416;74;8;2020-11-06
1357;5;51;2;2022-12-16
1358;166;80;6;2022-01-14
1359;474;98;1;2024-05-06
1360;235;76;7;2023-05-17
1361;15;82;4;2023-11-04
1362;472;36;10;2022-08-26
1363;195;99;8;2020-10-10
1364;500;184;5;2024-08-27
1365;303;59;6;2021-07-28
1366;417;30;6;2022-11-11
1367;382;153;7;2021-01-27
1368;434;136;3;2021-02-07
1369;334;90;9;2022-08-05
1370;40;100;6;2021-11-17
1371;434;154;3;2021-09-18
1372;321;175;3;2020-01-15
1373;485;17;8;2021-04-24
1374;420;77;9;2020-09-05
1375;307;47;7;2020-11-07
1376;340;32;6;2020-07-03
1377;231;21;1;2020-12-02
1378;153;156;10;2021-05-27
1379;299;193;7;2021-05-08
1380;308;180;6;2024-01-26
1381;33;174;2;2024-08-14
1382;3;171;10;2022-02-09
1383;155;78;9;2021-10-26
1384;11;66;4;2024-04-18
1385;183;109;6;2022-11-16
1386;62;35;2;2024-04-05
1387;329;68;9;2021-12-13
1388;386;103;4;2021-11-22
1389;272;143;3;2023-01-22
1390;337;89;9;2022-12-05
1391;412;83;7;2022-06-15
1392;472;55;3;2020-05-23
1393;418;23;7;2021-03-22
1394;70;73;4;2021-07-28
1395;384;30;3;2021-04-02
1396;141;32;5;2024-05-17
1397;340;118;6;2024-12-16
1398;64;22;1;2024-06-14
1399;416;121;7;2023-11-18
1400;341;165;5;2024-04-20
1401;340;118;3;2022-11-07
1402;266;29;7;2022-09-26
1403;346;154;9;2022-02-19
1404;111;55;5;2024-03-08
1405;83;129;2;2022-10-03
1406;491;136;2;2024-04-11
1407;451;179;6;2022-07-25
1408;431;196;3;2024-06-07
1409;200;5;8;2020-06-15
1410;12;184;5;2023-09-01
1411;269;125;10;2020-08-26
1412;293;83;3;2021-03-15
1413;238;9;10;2022-01-15
1414;205;1;7;2023-06-15
1415;160;173;6;2022-03-25
1416;428;132;2;2022-01-05
1417;290;183;10;2023-04-21
1418;45;160;1;2024-09-19
1419;218;90;3;2020-04-28
1420;488;74;1;2021-06-19
1421;246;147;7;2024-07-11
1422;350;110;3;2020-06-22
1423;207;179;8;2024-05-05
1424;1;156;1;2023-11-12
1425;101;185;8;2021-12-25
1426;163;165;5;2023-09-15
1427;190;43;4;2024-09-19
1428;359;150;2;2024-03-14
1429;249;90;2;2022-05-07
1430;430;33;9;2021-02-15
1431;279;183;2;2024-03-13
1432;156;187;2;2023-12-17
1433;52;46;5;2020-06-15
1434;59;95;5;2020-08-13
1435;156;189;2;2020-03-24
1436;66;61;1;2024-07-08
1437;25;161;4;2022-05-02
1438;403;31;5;2024-07-03
1439;89;54;8;2022-06-15
1440;494;73;9;2021-03-09
1441;136;89;1;2024-06-02
1442;314;36;2;2021-10-17
1443;356;52;6;2023-11-13
1444;359;63;9;2024-02-28
1445;354;5;10;2020-03-23
1446;466;129;8;2020-10-19
1447;102;51;10;2024-03-17
1448;381;111;3;2022-05-24
1449;100;94;6;2020-06-01
1450;426;117;6;2024-06-26
1451;116;58;10;2021-02-15
1452;123;163;1;2021-03-15
1453;495;56;7;2024-07-27
1454;397;191;10;2024-01-08
1455;40;57;7;2024-12-16
1456;70;90;7;2022-07-24
1457;51;176;8;2024-07-16
1458;498;193;3;2023-12-20
1459;174;11;10;2021-06-01
1460;428;49;5;2021-12-23
1461;425;142;4;2021-12-12
1462;214;175;6;2021-10-26
1463;304;116;10;2023-07-21
1464;199;35;9;2024-03-22
1465;112;131;3;2020-07-23
1466;153;111;10;2020-02-13
1467;431;19;9;2023-12-21
1468;116;177;2;2024-05-19
1469;465;18;4;2024-01-18
1470;421;26;6;2023-10-16
1471;208;32;8;2021-04-14
1472;10;17;8;2022-06-12
1473;296;58;4;2021-11-24
1474;182;144;6;2021-11-03
1475;436;141;8;2024-01-25
1476;292;137;4;2022-12-13
1477;202;105;6;2020-03-05
1478;309;166;7;2021-06-13
1479;461;63;5;2020-06-13
1480;127;171;2;2021-03-18
1481;161;89;6;2024-01-08
1482;182;34;3;2020-06-15
1483;172;101;6;2021-08-15
1484;382;178;4;2022-03-26
1485;171;157;5;2021-03-25
1486;150;19;5;2024-12-08
1487;193;94;2;2023-10-11
1488;148;26;7;2022-01-20
1489;156;131;1;2024-10-13
1490;258;4;9;2021-11-22
1491;99;70;8;2022-09-15
1492;270;122;8;2022-03-07
1493;168;146;6;2023-12-08
1494;496;105;4;2023-06-07
1495;45;192;1;2024-01-17
1496;235;164;8;2024-08-14
1497;198;132;4;2020-12-20
1498;353;48;10;2023-09-11
1499;67;139;1;2021-11-12
1500;275;162;4;2024-09-11
1501;497;100;8;2024-06-06
1502;437;88;4;2020-09-10
1503;440;152;10;2023-09-10
1504;377;1;6;2020-08-26
1505;430;160;2;2020-01-20
1506;20;67;7;2022-04-26
1507;278;185;4;2024-10-01
1508;66;169;2;2020-12-05
1509;392;102;10;2024-03-15
1510;354;102;10;2022-02-24
1511;137;162;1;2023-04-09
1512;364;17;3;2022-11-04
1513;45;9;9;2021-05-05
1514;7;190;1;2021-03-22
1515;500;50;5;2024-05-15
1516;108;118;8;2020-04-21
1517;175;35;5;2024-09-06
1518;342;171;4;2021-07-22
1519;299;10;5;2022-07-11
1520;105;195;6;2024-02-16
1521;448;27;6;2021-03-05
1522;333;112;7;2024-10-22
1523;397;59;9;2024-04-13
1524;16;89;7;2022-03-27
1525;194;112;2;2024-01-22
1526;376;175;1;2020-02-05
1527;172;66;3;2020-11-06
1528;402;151;6;2021-07-10
1529;256;138;6;2022-07-13
1530;120;144;3;2022-08-06
1531;64;110;7;2021-05-14
1532;22;153;9;2024-11-26
1533;416;39;4;2021-08-04
1534;248;161;1;2021-08-19
1535;409;7;1;2020-06-06
1536;373;60;1;2020-07-20
1537;44;66;5;2024-12-20
1538;272;86;3;2021-01-03
1539;348;104;5;2020-10-06
1540;452;174;5;2024-06-01
1541;426;156;8;2023-09-26
1542;5;1;1;2020-06-05
1543;146;156;4;2021-05-11
1544;458;185;8;2024-04-18
1545;472;189;9;2024-03-13
1546;215;162;2;2021-12-02
1547;250;107;6;2021-09-05
1548;207;56;2;2023-03-16
1549;265;34;2;2023-08-13
1550;384;7;1;2022-11-17
1551;475;28;8;2021-03-23
1552;483;39;5;2024-12-24
1553;75;128;6;2024-08-20
1554;475;50;5;2021-05-16
1555;396;83;4;2022-10-09
1556;210;77;3;2024-10-03
1557;356;38;1;2022-07-11
1558;490;193;7;2021-03-04
1559;24;19;8;2021-12-04
1560;134;84;8;2021-08-13
1561;461;125;1;2020-03-28
1562;12;79;10;2024-07-16
1563;46;52;3;2021-07-02
1564;105;118;9;2020-12-12
1565;438;146;1;2021-04-05
1566;389;95;9;2022-07-09
1567;379;125;1;2023-10-07
1568;349;16;2;2023-05-25
1569;80;177;3;2024-12-25
1570;206;24;6;2021-06-21
1571;56;89;9;2021-02-20
1572;198;57;1;2022-02-17
1573;387;194;3;2021-03-09
1574;218;193;9;2024-07-15
1575;229;140;8;2022-02-17
1576;88;51;4;2023-01-07
1577;383;54;8;2020-01-03
1578;225;29;6;2021-09-24
1579;449;157;9;2024-08-26
1580;378;175;5;2022-05-11
1581;439;34;4;2020-04-11
1582;455;126;6;2023-06-22
1583;388;37;4;2022-10-21
1584;145;139;1;2024-05-07
1585;93;169;4;2020-03-13
1586;426;149;2;2020-12-27
1587;460;157;5;2022-02-25
1588;108;183;4;2024-11-10
1589;272;92;7;2021-06-27
1590;178;110;1;2024-11-25
1591;417;19;5;2022-08-10
1592;262;82;8;2021-07-04
1593;101;61;10;2020-08-14
1594;399;159;1;2023-06-06
1595;10;92;1;2020-11-02
1596;140;176;10;2023-07-23
1597;495;70;5;2020-12-20
1598;32;184;4;2023-07-17
1599;482;177;1;2023-04-12
1600;216;93;1;2023-08-10
1601;300;108;7;2024-06-10
1602;34;155;5;2023-07-25
1603;492;44;3;2024-12-18
1604;60;186;5;2021-08-04
1605;419;193;5;2023-03-02
1606;329;180;8;2022-03-23
1607;17;35;8;2024-05-19
1608;238;102;3;2021-03-20
1609;476;196;5;2024-05-16
1610;44;184;1;2024-11-27
1611;337;19;6;2022-02-13
1612;250;116;8;2021-09-25
1613;32;194;1;2022-01-16
1614;321;97;3;2024-02-08
1615;90;76;5;2024-04-22
1616;367;2;1;2020-07-02
1617;94;31;6;2024-11-28
1618;223;55;7;2024-11-28
1619;281;98;1;2022-06-17
1620;110;86;2;2023-11-25
1621;227;35;4;2023-06-17
1622;304;102;5;2024-08-04
1623;435;145;10;2024-03-05
1624;18;114;1;2024-12-11
1625;480;193;10;2023-07-22
1626;280;158;6;2022-06-19
1627;74;190;1;2020-03-19
1628;439;136;2;2024-11-09
1629;220;66;10;2021-06-02
1630;144;180;9;2022-06-18
1631;43;36;10;2021-02-14
1632;380;29;4;2022-02-02
1633;31;181;7;2022-04-13
1634;225;116;8;2023-08-23
1635;386;195;8;2023-01-05
1636;210;200;2;2024-04-14
1637;134;104;10;2021-12-13
1638;91;114;6;2024-04-25
1639;169;96;3;2022-12-27
1640;172;106;1;2021-07-12
1641;221;150;10;2023-10-16
1642;382;115;1;2023-04-04
1643;390;123;7;2021-07-16
1644;141;199;1;2021-03-14
1645;160;98;4;2024-03-11
1646;185;143;3;2023-01-13
1647;241;83;7;2024-02-05
1648;429;2;10;2021-08-24
1649;323;49;8;2024-04-11
1650;295;88;5;2024-10-06
1651;251;10;5;2021-05-02
1652;272;83;3;2023-08-24
1653;330;163;3;2024-12-14
1654;417;27;7;2020-04-13
1655;58;166;7;2023-09-28
1656;410;195;8;2021-03-17
1657;474;121;9;2021-10-09
1658;59;188;4;2023-01-13
1659;500;164;7;2022-02-08
1660;195;133;6;2020-06-18
1661;471;79;7;2022-01-11
1662;212;157;6;2021-10-01
1663;424;197;3;2023-11-01
1664;229;46;6;2024-06-19
1665;389;169;1;2024-12-02
1666;57;38;1;2023-02-26
1667;373;108;1;2020-06-21
1668;241;60;9;2023-03-21
1669;376;120;1;2024-02-04
1670;118;172;7;2020-01-20
1671;479;69;1;2021-10-06
1672;246;25;10;2022-05-17
1673;69;93;5;2021-04-06
1674;247;45;10;2024-02-19
1675;236;94;4;2021-04-16
1676;112;95;1;2022-06-28
1677;147;76;4;2020-02-09
1678;71;193;6;2023-01-02
1679;117;135;1;2021-06-20
1680;211;36;10;2024-03-26
1681;442;161;4;2023-03-24
1682;380;145;9;2023-10-15
1683;191;76;7;2020-04-08
1684;119;22;1;2022-04-18
1685;324;12;4;2024-07-22
1686;96;35;4;2023-05-03
1687;167;137;5;2022-10-25
1688;250;22;6;2021-01-15
1689;500;63;5;2024-02-27
1690;156;162;1;2020-05-08
1691;115;28;9;2021-12-02
1692;222;96;6;2021-11-11
1693;498;140;1;2021-12-14
1694;421;32;1;2024-02-21
1695;179;173;10;2023-07-16
1696;353;104;3;2020-12-22
1697;242;179;1;2024-05-15
1698;352;71;8;2020-07-19
1699;33;120;8;2023-02-09
1700;43;77;6;2021-07-03
1701;45;161;10;2022-09-16
1702;160;10;2;2023-02-01
1703;162;71;3;2022-07-19
1704;264;200;2;2020-02-16
1705;28;49;2;2020-11-11
1706;493;191;9;2024-11-28
1707;40;3;2;2023-07-08
1708;164;165;6;2023-05-09
1709;105;77;1;2021-03-09
1710;320;87;4;2024-09-14
1711;418;139;3;2024-06-23
1712;369;111;10;2021-12-20
1713;217;36;10;2021-06-03
1714;160;162;10;2023-10-04
1715;376;137;8;2021-05-19
1716;330;62;3;2023-09-28
1717;185;173;3;2020-06-16
1718;472;150;6;2021-10-27
1719;364;115;4;2020-11-05
1720;3;107;6;2021-05-12
1721;356;200;6;2021-12-03
1722;308;136;3;2022-05-05
1723;359;150;4;2024-09-13
1724;322;9;4;2023-06-28
1725;379;75;1;2023-01-28
1726;412;80;8;2021-06-27
1727;423;36;7;2021-11-28
1728;217;44;1;2023-04-10
1729;459;57;9;2024-02-14
1730;201;200;3;2021-09-06
1731;282;86;3;2020-09-02
1732;46;4;8;2021-02-20
1733;334;27;9;2022-10-08
1734;368;67;9;2020-06-28
1735;46;89;6;2021-07-28
1736;466;186;7;2021-09-04
1737;110;105;4;2024-11-23
1738;137;25;5;2021-05-18
1739;56;19;1;2023-06-25
1740;404;112;1;2022-09-17
1741;166;56;9;2022-04-24
1742;234;8;3;2020-05-23
1743;44;189;3;2020-05-28
1744;312;12;3;2022-08-21
1745;251;5;8;2021-06-14
1746;498;59;8;2021-09-20
1747;145;105;9;2023-01-18
1748;228;44;7;2023-05-25
1749;257;78;2;2022-03-17
1750;367;53;3;2023-11-12
1751;47;172;10;2020-07-23
1752;487;177;4;2024-02-10
1753;168;79;7;2023-11-22
1754;481;157;10;2020-08-24
1755;388;124;4;2020-09-24
1756;401;47;1;2020-12-28
1757;68;73;2;2024-12-04
1758;85;115;9;2024-10-03
1759;12;81;2;2023-09-01
1760;498;10;8;2024-06-13
1761;250;52;4;2024-06-11
1762;316;144;3;2020-11-06
1763;29;87;2;2020-07-07
1764;361;73;1;2023-03-14
1765;189;5;2;2024-03-14
1766;186;136;10;2023-12-08
1767;391;169;4;2022-02-10
1768;245;173;8;2020-06-27
1769;227;150;9;2023-08-09
1770;192;50;7;2020-03-17
1771;82;101;5;2022-04-14
1772;219;1;2;2020-11-13
1773;350;35;2;2022-11-18
1774;50;117;10;2020-01-21
1775;432;77;1;2024-11-12
1776;291;106;4;2024-01-26
1777;456;18;9;2023-12-02
1778;302;19;8;2022-09-09
1779;368;59;3;2020-05-05
1780;295;64;3;2023-03-14
1781;412;193;3;2021-05-24
1782;224;96;3;2024-08-23
1783;143;35;3;2023-09-13
1784;404;33;7;2023-02-22
1785;143;10;3;2022-07-11
1786;373;66;10;2023-04-09
1787;90;188;1;2023-05-04
1788;309;27;9;2023-11-04
1789;64;25;3;2022-03-23
1790;321;74;5;2023-02-09
1791;186;109;9;2022-11-26
1792;74;73;1;2023-11-12
1793;189;3;6;2023-02-11
1794;197;48;2;2023-01-12
1795;240;50;3;2020-12-05
1796;400;115;4;2023-09-23
1797;468;95;5;2020-10-03
1798;2;49;9;2024-05-10
1799;402;39;3;2023-08-16
1800;476;186;5;2022-12-01
1801;463;111;1;2022-07-22
1802;40;3;7;2022-05-22
1803;36;154;3;2021-01-17
1804;31;72;1;2024-04-25
1805;122;55;3;2021-11-11
1806;317;45;7;2020-01-21
1807;5;189;5;2024-04-10
1808;405;155;1;2021-08-26
1809;356;35;6;2021-11-14
1810;480;59;9;2024-09-23
1811;464;40;3;2020-08-10
1812;478;113;6;2020-07-15
1813;122;164;4;2021-08-22
1814;479;7;2;2020-06-28
1815;172;129;3;2023-03-23
1816;213;139;10;2022-12-27
1817;97;10;4;2023-08-28
1818;386;175;2;2023-08-27
1819;161;70;2;2021-03-28
1820;429;157;4;2023-09-12
1821;223;9;2;2022-07-25
1822;371;140;6;2021-03-08
1823;329;152;2;2023-07-04
1824;343;74;10;2024-09-26
1825;226;15;5;2024-03-02
1826;452;103;3;2022-07-15
1827;185;176;10;2022-08-28
1828;291;27;9;2020-07-19
1829;166;50;7;2022-09-22
1830;64;21;4;2021-10-05
1831;313;188;8;2021-06-15
1832;2;88;8;2023-06-07
1833;351;61;10;2020-02-09
1834;155;195;8;2024-07-13
1835;144;162;5;2024-09-03
1836;27;92;4;2022-02-28
1837;376;115;1;2024-12-22
1838;38;66;4;2020-10-03
1839;278;178;8;2023-12-08
1840;20;76;7;2022-02-26
1841;379;25;2;2020-10-12
1842;33;90;10;2024-02-04
1843;193;175;1;2022-10-07
1844;29;191;9;2020-05-19
1845;444;191;8;2020-08-23
1846;469;65;5;2024-03-14
1847;254;189;5;2021-04-19
1848;277;86;3;2022-08-03
1849;186;182;8;2024-10-06
1850;362;155;4;2023-05-26
1851;150;51;3;2021-01-01
1852;189;108;10;2021-12-11
1853;349;162;8;2022-01-01
1854;199;42;4;2020-11-04
1855;177;177;4;2021-07-22
1856;144;21;5;2020-10-04
1857;387;135;6;2023-01-24
1858;381;63;6;2023-05-17
1859;118;193;2;2022-12-03
1860;282;113;3;2024-10-27
1861;155;14;4;2020-02-28
1862;345;165;10;2023-12-10
1863;138;200;3;2023-02-07
1864;441;48;4;2023-01-17
1865;261;144;6;2024-11-11
1866;500;43;4;2020-05-06
1867;81;61;5;2022-12-15
1868;296;102;9;2020-07-16
1869;434;200;6;2024-10-11
1870;117;57;4;2020-10-19
1871;249;47;6;2023-03-23
1872;147;192;6;2023-06-26
1873;302;20;7;2020-11-09
1874;387;105;3;2021-06-10
1875;208;89;4;2024-11-08
1876;492;20;9;2023-05-15
1877;356;11;10;2021-06-26
1878;416;102;6;2021-09-18
1879;141;177;9;2021-12-27
1880;330;67;5;2023-07-26
1881;310;167;2;2020-05-12
1882;324;127;4;2021-05-12
1883;263;19;8;2022-02-11
1884;390;105;1;2020-10-18
1885;51;187;10;2022-11-28
1886;344;4;2;2020-04-03
1887;162;49;3;2024-02-13
1888;45;17;8;2020-09-25
1889;371;36;5;2021-09-28
1890;381;93;2;2020-08-07
1891;89;53;8;2021-02-07
1892;221;180;1;2021-07-07
1893;91;99;4;2023-08-25
1894;95;153;9;2022-09-13
1895;427;163;4;2021-06-23
1896;192;26;7;2024-10-11
1897;7;151;6;2024-09-28
1898;15;179;10;2024-08-24
1899;387;98;7;2022-02-15
1900;292;126;5;2022-06-18
1901;183;46;2;2020-05-24
1902;86;5;5;2022-07-08
1903;413;82;5;2020-06-18
1904;130;61;5;2020-08-10
1905;343;92;8;2024-02-12
1906;259;72;3;2021-10-09
1907;163;158;9;2023-11-03
1908;216;118;9;2020-07-15
1909;276;136;9;2023-04-04
1910;334;144;3;2021-10-27
1911;105;170;10;2024-03-11
1912;235;170;5;2023-07-22
1913;113;5;2;2020-09-16
1914;384;131;9;2020-01-27
1915;182;53;7;2022-09-18
1916;330;59;6;2020-06-28
1917;135;197;3;2022-07-10
1918;497;9;6;2024-08-26
1919;93;111;5;2022-04-01
1920;186;23;5;2023-06-23
1921;458;30;2;2024-09-14
1922;498;116;6;2024-06-28
1923;117;11;1;2020-08-11
1924;284;149;10;2021-06-26
1925;270;192;8;2024-03-28
1926;480;56;8;2020-11-05
1927;434;180;3;2021-09-04
1928;364;13;9;2021-09-08
1929;260;115;6;2024-03-23
1930;104;58;10;2021-06-16
1931;439;185;5;2020-12-07
1932;184;107;2;2020-07-01
1933;63;140;8;2023-09-26
1934;21;132;5;2024-04-19
1935;34;20;8;2023-12-22
1936;57;52;6;2022-08-05
1937;48;80;7;2022-09-18
1938;166;86;7;2024-03-10
1939;96;150;10;2020-10-13
1940;219;102;2;2022-12-10
1941;330;54;9;2022-04-13
1942;461;133;3;2024-12-14
1943;239;107;8;2024-10-08
1944;369;114;2;2023-01-09
1945;360;111;2;2020-03-26
1946;426;38;3;2024-10-03
1947;282;18;10;2023-04-25
1948;259;35;7;2024-04-07
1949;347;104;1;2024-04-18
1950;327;90;6;2022-05-08
1951;117;108;3;2023-01-21
1952;443;15;1;2020-09-19
1953;84;133;7;2023-07-28
1954;366;122;1;2024-01-14
1955;470;51;7;2020-09-28
1956;188;27;10;2024-08-01
1957;213;102;8;2023-07-18
1958;454;90;7;2020-01-03
1959;310;196;9;2023-03-17
1960;15;138;2;2022-07-01
1961;272;20;2;2024-08-21
1962;183;9;6;2022-05-05
1963;479;132;5;2024-08-09
1964;53;38;6;2021-02-18
1965;182;107;2;2023-11-16
1966;298;78;4;2022-05-23
1967;136;60;5;2024-04-03
1968;177;100;1;2021-10-03
1969;112;153;4;2022-05-11
1970;107;148;5;2020-12-09
1971;265;40;8;2022-04-21
1972;419;131;6;2020-11-13
1973;176;156;3;2020-05-28
1974;103;45;8;2022-10-19
1975;221;90;4;2020-03-10
1976;374;83;2;2021-10-11
1977;221;166;7;2022-01-04
1978;167;193;10;2023-03-21
1979;290;18;6;2023-03-28
1980;379;73;6;2022-08-04
1981;49;131;9;2021-06-09
1982;183;22;1;2021-10-23
1983;338;200;9;2024-05-10
1984;153;16;6;2023-02-20
1985;90;32;4;2021-10-19
1986;228;96;7;2021-11-21
1987;56;86;5;2023-09-18
1988;388;96;1;2022-08-12
1989;250;156;2;2023-04-06
1990;75;25;9;2020-11-27
1991;183;146;4;2022-08-27
1992;258;41;3;2022-11-05
1993;231;65;1;2021-09-10
1994;49;192;8;2020-07-24
1995;176;161;2;2020-08-11
1996;58;119;1;2023-07-12
1997;216;99;8;2023-09-04
1998;333;109;2;2023-02-25
1999;448;43;2;2024-12-20
2000;372;158;4;2021-02-06
